Jahr	 Ohne Kaderfunktion	 Unteres Fachkader	 Unteres Kader	 Mittleres Fachkader	 Mittleres Kader	 Oberes Kader	Total
2003	4414	80	158	67	155	128	5002
2004	4201	77	143	65	146	124	4756
2005	4035	71	145	61	143	124	4579
2006	3910	69	132	67	154	126	4458
2007	3846	70	135	63	141	133	4388
2008	3846	68	125	61	135	132	4367
2009	4091	70	153	83	105	130	4632
2010	3975	62	159	70	113	126	4505
2011	4018	65	150	68	120	131	4552
2012	4056	62	155	74	176	130	4653
2013	3850	74	147	79	188	124	4462
2014	3820	71	147	79	201	118	4436
2015	3793	69	168	95	212	117	4454
2016	3874	68	178	92	194	113	4519
