Jahr	 Subventionierte Tagesheime	 Nicht subventionierte Tagesheime	 Firmen-Tagesheime	 Tagesfamilien	Total
2006	1080	542	280	95	1997
2007	1143	602	271	85	2101
2008	1241	662	262	74	2239
2009	1247	722	253	94	2316
2010	1294	1147	394	93	2928
2011	1378	1339	393	102	3212
2012	1409	1443	516	89	3457
2013	1409	1528	524	99	3560
2014	1555	1705	501	98	3859
2015	1586	1822	492	87	3987
2016	1656	1949	466	90	4161
