Jahr	 Ohne Kaderfunktion	 Unteres Fachkader	 Unteres Kader	 Mittleres Fachkader	 Mittleres Kader	 Oberes Kader	Total
2003	658	6	12	7	10	2	695
2004	641	7	12	6	9	5	680
2005	589	6	12	7	11	6	631
2006	583	4	13	8	11	5	624
2007	553	7	11	6	12	5	594
2008	577	7	12	6	16	6	624
2009	619	6	12	7	17	6	667
2010	625	5	13	8	15	6	672
2011	626	8	13	11	18	5	681
2012	641	9	15	11	19	6	701
2013	597	13	18	7	20	6	661
2014	613	14	17	10	15	6	675
2015	632	12	21	12	15	5	697
2016	674	7	24	12	13	5	735
