"Jahr"	"Laden"	"Büro"	"Gewerbe"	"Produktion"	"Lager"	"Total"
2011	16373	87909	18925	2000	43476	168683
2012	14333	91175	18102	1057	23853	148520
2013	9503	71229	19987	1642	15360	117721
2014	17186	75525	6126	682	15894	115413
2015	17576	60952	6866	821	17931	104146
2016	10559	54565	7793	2035	11291	86243
2017	11956	59699	17388	380	20317	109740
2018	12060	58024	16987	1098	19178	107347
2019	10624	61674	10161	3897	12287	98643
2020	9220	76480	18532	1791	14520	120543

