"Jahr"	"Laden"	"Büro"	"Gewerbe"	"Produktion"	"Lager"	"Total"
2011	12845	65692	53442	4316	19150	155445
2012	14456	71002	53826	10258	58318	207860
2013	15849	65094	32806	11653	62627	188029
2014	13958	64818	41253	7303	49942	177274
2015	12762	63378	39147	20338	58584	194209
2016	17263	79203	33899	5836	65450	201651
2017	13425	85147	59979	36968	53367	248886
2018	11921	87762	47719	27094	61068	235564
2019	11803	82832	64730	4330	51726	215421
2020	20559	67423	65691	14741	38354	206768

