Jahr: Wohnviertel	Schweiz. Aggl. BS	Übrige Schweiz	Ausland	Unbekannt	Total
2014: Kleinhüningen	-46	-12	62	-26	-22
2015: Kleinhüningen	-33	15	48	-23	7
2016: Kleinhüningen	-39	-8	56	-16	-7
2017: Kleinhüningen	-39	0	24	-15	-30
2018: Kleinhüningen	-22	-4	30	-19	-15
.
2014: Klybeck	-39	20	96	-59	18
2015: Klybeck	-69	15	98	-52	-8
2016: Klybeck	-63	-24	115	-60	-32
2017: Klybeck	-36	32	82	-51	27
2018: Klybeck	-36	-13	146	-47	50